0.0615009
0.080151
0.0804285
0.085091
0.0859236
0.0843139
0.0869227
0.0882549
0.0901421
0.0980795
0.102575
0.114176
0.118783
0.119505
0.12389
0.125389
0.12772
0.126221
0.125444
0.129385
0.129552
0.130606
0.135657
0.136934
0.142318
0.145371
0.146869
0.147314
0.148757
0.147591
0.154196
0.154696
0.154252
0.158248
0.158137
0.152642
0.162134
0.163521
0.165575
0.169016
0.17046
0.169072
0.17107
0.166075
0.173734
0.174067
0.178175
0.181172
0.18095
0.188666
0.183393
0.192329
0.189942
0.198324
0.197713
0.204429
0.196603
0.201099
0.214421
0.21159
0.220193
0.219916
0.21764
0.221581
0.231017
0.239176
0.241008
0.244172
0.245615
0.251166
0.257549
0.258714
0.261323
0.263044
0.26643
0.261878
0.267929
0.269871
0.272091
0.273868
0.273979
0.274034
0.282305
0.285191
0.282027
0.282027
0.293683
0.295626
0.295848
0.291519
0.295293
0.296292
0.296681
0.302398
0.305173
0.30706
0.301565
0.305617
0.309336
0.309114
0.308171
0.311889
0.313888
0.317884
0.318328
0.313777
0.316385
0.31583
0.320937
0.324212
0.320437
0.323379
0.325155
0.329429
0.326377
0.324323
0.326432
0.330984
0.332316
0.333648
0.332704
0.327986
0.334925
0.338976
0.340309
0.336812
0.340697
0.346303
0.346525
0.342029
0.34597
0.347136
0.345304
0.347136
0.350466
0.349578
0.355739
0.350466
0.35091
0.352409
0.35413
0.354629
0.354685
0.352298
0.35857
0.359181
0.361512
0.358959
0.358459
0.361567
0.349134
0.363288
0.364176
0.368506
0.370671
0.360846
0.367229
0.367784
0.366952
0.367118
0.365619
0.373779
0.373945
0.371947
0.371448
0.369227
0.373557
0.375333
0.377664
0.374223
0.374611
0.375389
0.375111
0.380162
0.377997
0.37994
0.379163
0.377886
0.378164
0.382105
0.380384
0.379718
0.380495
0.377609
0.381772
0.375944
0.383659
0.382826
0.38538
0.388433
0.380495
0.3871
0.387544
0.386823
0.39304
0.387933
0.392429
0.390986
0.389099
0.392762
0.386934
0.394927
0.387267
0.391041
0.391707
0.388099
0.394538
0.390764
0.390375
0.396925
0.386545
0.391208
0.399256
0.387045
0.394094
0.38921
0.393539
0.397314
0.397314
0.39093
0.392817
0.39093
0.39748
0.399811
0.39143
0.400366
0.401976
0.393428
0.397924
0.396869
0.400089
0.395981
0.39637
0.397702
0.397758
0.399478
0.399589
0.396481
0.401143
0.397869
0.399811
0.398202
0.40181
0.3997
0.401754
0.401421
0.4002
0.402642
0.404085
0.404141
0.398812
0.402698
0.403253
0.402198
0.406139
0.406305
0.396647
0.401865
0.405695
0.403641
0.401754
0.403308
0.403697
0.40625
0.404307
0.403697
0.40353
0.403808
0.404862
0.40675
0.401476
0.406583
0.405473
0.404862
0.408415
0.404751
0.403419
0.408526
0.411801
0.40736
0.407804
0.401698
0.406361
0.406694
0.407083
0.4123
0.402698
0.409025
0.407638
0.406916
0.407138
0.404363
0.40786
0.415186
0.410135
0.411967
0.400866
0.410357
0.412356
0.409969
0.406916
0.412522
0.410302
0.408748
0.409636
0.408193
0.410468
0.41169
0.408359
0.409081
0.41119
0.407527
0.413466
0.40897
0.415409
0.409192
0.409192
0.405251
0.412855
0.413244
0.411967
0.413466
0.410191
0.410913
0.40958
0.417407
0.408803
0.409858
0.41169
0.415242
0.419571
0.413799
0.411024
0.412522
0.417462
0.417906
0.41391
0.410302
0.415353
0.41502
0.416241
0.411468
0.410524
0.414853
0.416075
0.415131
0.419072
0.416019
0.415186
0.416741
0.419016
0.411079
0.417518
0.418406
0.413577
0.415298
0.413577
0.40786
0.41552
0.421792
0.416241
0.416685
0.415131
0.413521
0.417129
0.417296
0.414465
0.413188
0.421625
0.418073
0.41885
0.422513
0.419405
0.416463
0.418073
0.416741
0.417185
0.41008
0.420404
0.421015
0.424401
0.418517
0.415742
0.419016
0.424012
0.420904
0.416186
0.417407
0.417462
0.417185
0.419349
0.415853
0.419516
0.417962
0.417185
0.423235
0.417684
0.419905
0.418017
0.419238
0.420349
0.415298
0.420904
0.422125
0.419516
0.422069
0.423179
0.418461
0.419627
0.422458
0.423679
0.42429
0.423124
0.420349
0.422957
0.421958
0.42712
0.419849
0.419571
0.420293
0.423235
0.425067
0.417851
0.419294
0.422236
0.423623
0.42329
0.42268
0.424234
0.423956
0.422291
0.425122
0.420071
0.42601
0.423346
0.424401
0.425844
0.4249
0.421847
0.426343
0.421514
0.427953
0.424623
0.421292
0.420904
0.421847
0.42329
0.424789
0.426732
0.425011
0.425344
0.425233
0.424734
0.423401
0.424567
0.423845
0.42329
0.420404
0.423235
0.422069
0.4249
0.429563
0.421015
0.418794
0.426732
0.429785
0.428397
0.421903
0.427176
0.425122
0.424623
0.428175
0.424678
0.428175
0.425178
0.425067
0.429951
0.428841
0.430839
0.425788
0.423845
0.428564
0.420626
0.431061
0.423623
0.427897
0.428008
0.42823
0.426232
0.425788
0.428064
0.428786
0.429396
0.423401
0.423845
0.428508
0.418184
0.431949
0.42762
0.429285
0.426732
