0.058115
0.085202
0.0870337
0.0880329
0.0870893
0.0858126
0.085091
0.0862567
0.0873668
0.0884214
0.0910857
0.0908637
0.0953597
0.0959147
0.100411
0.106239
0.106849
0.111456
0.112456
0.113399
0.115397
0.122669
0.124223
0.125333
0.125278
0.126166
0.128552
0.130662
0.132604
0.131494
0.129829
0.143706
0.149811
0.151365
0.152698
0.152365
0.153697
0.15242
0.15403
0.163077
0.174956
0.177509
0.174789
0.182671
0.179119
0.18639
0.181394
0.185613
0.18367
0.184336
0.190997
0.192884
0.198379
0.20121
0.19627
0.20171
0.212256
0.219028
0.220526
0.214087
0.225244
0.228741
0.232016
0.238677
0.232516
0.23629
0.243062
0.24284
0.237456
0.248446
0.255329
0.256827
0.25655
0.255884
0.255162
0.263821
0.267595
0.268206
0.264265
0.264099
0.269982
0.272314
0.279141
0.274145
0.279696
0.27903
0.281472
0.277198
0.282527
0.28075
0.290075
0.287467
0.288688
0.289742
0.290742
0.291741
0.291907
0.298734
0.29052
0.289964
0.302176
0.303786
0.308892
0.30534
0.306672
0.306894
0.311612
0.307504
0.30867
0.307671
0.311223
0.314776
0.310335
0.310724
0.309558
0.317163
0.317052
0.314443
0.313777
0.318495
0.31472
0.316496
0.312167
0.317218
0.320548
0.317274
0.317385
0.315053
0.323823
0.323213
0.316996
0.320382
0.32288
0.323268
0.325155
0.31855
0.321436
0.323601
0.323934
0.325933
0.323601
0.324045
0.324156
0.322824
0.328874
0.329318
0.331428
0.329873
0.328597
0.331317
0.330706
0.331483
0.334369
0.333759
0.331372
0.330928
0.335813
0.338366
0.340309
0.345082
0.341252
0.340642
0.343195
0.343306
0.34425
0.341363
0.345193
0.34708
0.347691
0.346248
0.34375
0.343972
0.351299
0.349412
0.344361
0.351299
0.346747
0.349856
0.347968
0.346803
0.350799
0.347913
0.350633
0.350078
0.349301
0.34869
0.348135
0.350355
0.354074
0.349634
0.351687
0.351243
0.359514
0.352798
0.350744
0.352298
0.355684
0.360346
0.355406
0.352686
0.358348
0.359014
0.360513
0.355795
0.3629
0.364398
0.358237
0.362012
0.358459
0.363122
0.364787
0.361845
0.362234
0.362123
0.363677
0.365786
0.36462
0.367174
0.364787
0.363843
0.364121
0.365342
0.365286
0.363732
0.364454
0.364343
0.367007
0.366175
0.365786
0.366841
0.366286
0.36845
0.363066
0.367451
0.36845
0.368395
0.368839
0.365508
0.368173
0.366508
0.367618
0.367118
0.368339
0.369338
0.367729
0.367118
0.368617
0.368839
0.369338
0.36845
0.369394
0.367784
0.369449
0.372225
0.369505
0.371059
0.369394
0.369782
0.37167
0.369893
0.370171
0.369061
0.370393
0.371337
0.368783
0.370115
0.36956
0.369838
0.370893
0.37117
0.371115
0.369838
0.369893
0.371781
0.373668
0.367396
0.370393
0.371559
0.372502
0.37278
0.370393
0.3755
0.372613
0.372502
0.367562
0.372558
0.375111
0.368894
0.372502
0.366175
0.375
0.375611
0.373501
0.374001
0.374667
0.374889
0.375111
0.374389
0.374223
0.374389
0.37611
0.377886
0.378552
0.3755
0.378941
0.376721
0.379496
0.379052
0.378608
0.377276
0.378108
0.379052
0.380162
0.378386
0.37772
0.380273
0.379552
0.379718
0.378219
0.379885
0.380107
0.379607
0.376776
0.379385
0.380218
0.379329
0.381272
0.376776
0.379607
0.380495
0.380606
0.381661
0.37772
0.37833
0.37994
0.380662
0.381328
0.377553
0.379329
0.380329
