0.0571714
0.0559503
0.0551177
0.0561723
0.0540631
0.0529529
0.0528419
0.0550622
0.0541186
0.0540631
0.0527864
0.0528974
0.0528419
0.0529529
0.0528419
0.0528419
0.0527864
0.0528974
0.0528419
0.0527864
0.0529529
0.0528419
0.0527864
0.0528974
0.0528419
0.0527864
0.0527864
0.0528419
0.0527864
0.0528419
0.0528419
0.0528974
0.0529529
0.0528974
0.0527864
0.0528974
0.0528419
0.0529529
0.0528419
0.0528419
0.0528419
0.0528974
0.0527864
0.0528974
0.0528974
0.0528419
0.0527864
0.0527864
0.0528974
0.0529529
0.0530084
0.0528974
0.0527864
0.0528419
0.0527864
0.0528419
0.0528974
0.0528419
0.0528419
0.0528419
0.0528419
0.0528419
0.0528974
0.0529529
0.0528419
0.0528974
0.0527864
0.0527864
0.0528419
0.0528974
0.0527864
0.0528974
0.0527864
0.0528419
0.0528974
0.0528419
0.0528419
0.0528419
0.0528974
0.0527864
0.0527864
0.0528419
0.0528419
0.0528974
0.0528419
0.0528419
0.0528419
0.0527864
0.0528419
0.0528974
0.0527864
0.0527864
0.0528419
0.0528419
0.0528974
0.0527864
0.0527864
0.0528419
0.0528419
0.0527864
0.0528419
0.0529529
0.0528419
0.0528974
0.0528419
0.0528419
0.0528974
0.0528419
0.0527864
0.0528419
0.0527864
0.0528419
0.0528419
0.0528974
0.0528974
0.0528974
0.0528974
0.0527864
0.0527864
0.0527864
0.0528419
0.0528974
0.0527864
0.0527864
0.0527864
0.0527864
0.0528974
0.0528419
0.0527864
0.0528974
0.0528974
0.0527864
0.0528419
0.0528419
0.0528419
0.0528419
0.0529529
0.0528419
0.0528419
0.0527864
0.0527864
0.0528419
0.0527864
0.0527864
0.0528974
0.0530084
0.0528419
0.0527864
0.0528419
0.0528419
0.0528419
0.0527864
0.0528419
0.0528974
0.0527864
0.0527864
0.0528419
0.0530639
0.0528974
0.0528974
0.0528974
0.0528419
0.0528974
0.0528419
0.0527864
0.0527864
0.0529529
0.0528419
0.0528419
0.0528419
0.0528974
0.0527864
0.0528419
0.0528419
0.0530084
0.0528974
0.0527864
0.0528974
0.0527864
0.0528419
0.0527864
0.0528419
0.0527864
0.0529529
0.0528974
0.0529529
0.0528419
0.0528419
0.0528419
0.0528974
0.0528419
0.0528974
0.0527864
0.0528419
0.0527864
0.0527864
0.0528419
0.0528419
0.0528419
0.0528974
0.0528974
0.0527864
0.0530084
0.0528419
0.0528974
0.0528419
0.0527864
0.0528419
0.0527864
0.0528974
0.0527864
0.0528419
0.0527864
0.0529529
0.0528419
0.0528974
0.0528974
0.0528974
0.0530084
0.0527864
0.0527864
0.0527864
0.0528419
0.0529529
0.0528974
0.0528419
0.0529529
0.0528419
0.0527864
0.0528419
0.0528974
0.0527864
0.0527864
0.0527864
0.0528974
0.0528974
0.0529529
0.0528974
0.0528419
0.0527864
0.0520093
0.0548401
0.0541186
0.0698823
0.0559503
0.0551177
0.0541186
0.0542851
0.0663299
0.0646092
0.067329
0.0735457
0.0774312
0.0789853
0.0818717
0.0886434
0.0950266
0.0988566
0.098024
0.098579
0.105739
0.107294
0.110457
0.115508
0.126221
0.122502
0.125056
0.137822
0.137378
0.141541
0.14304
0.147869
0.15675
0.170515
0.18095
0.187889
0.196325
0.19738
0.197436
0.201432
0.208481
0.216918
0.215031
0.222913
0.229463
0.226854
0.245004
0.249056
0.242007
0.259436
0.263932
0.264487
0.269538
0.271536
0.277476
0.279196
0.281083
0.283026
0.285857
0.284913
0.289687
0.294794
0.29929
0.297125
0.297791
0.305506
0.302398
0.304507
0.306006
0.308448
0.297624
0.309725
0.317052
0.311057
0.31583
0.321881
0.319272
0.321659
0.3251
0.323823
0.329707
0.324434
0.32399
0.321548
0.330151
0.332205
0.329984
0.328375
0.335036
0.333981
0.342362
0.337755
0.338255
0.341308
0.341474
0.345138
0.343361
0.347247
0.346414
0.344971
0.353408
0.353686
0.355406
0.352575
0.35202
0.357738
0.357849
0.357682
0.359958
0.358126
0.358182
0.357571
0.36018
0.364731
0.367451
0.365952
0.361068
0.366341
0.367063
0.369782
0.373723
0.372558
0.372835
0.371559
0.373057
0.374334
0.37167
0.37611
0.375333
0.370504
0.38105
0.37772
0.37278
0.379774
0.374945
0.382493
0.377664
0.384214
0.382216
0.379885
0.385602
0.376943
0.375167
0.384436
0.385158
0.382715
0.381883
0.38377
0.386268
0.381938
0.385824
0.387933
0.375444
0.389709
0.384991
0.380662
0.39093
0.384547
0.386712
0.390431
0.387711
0.387489
0.395038
0.390098
0.383215
0.385657
0.391041
0.390375
0.39365
0.394816
0.389654
0.396425
0.394483
0.395149
0.391763
0.39365
0.398035
0.394816
0.393151
0.395149
0.397924
0.393595
0.400533
0.39798
0.398868
0.39143
0.399978
0.400422
0.39204
0.39526
0.401643
0.39698
0.400422
0.398923
0.398424
0.406139
0.402587
0.40292
0.404862
0.402809
0.409913
0.402254
0.403308
0.408137
0.401587
0.403253
0.407582
0.407804
0.407527
0.401199
0.401199
0.405417
0.41169
0.40131
0.411301
0.400921
0.410635
0.404973
0.412023
0.413244
0.410968
0.410246
0.408581
0.406361
0.408304
0.406805
0.410635
0.399645
0.40514
0.40897
0.408637
0.414298
0.411801
0.410135
0.413188
0.407027
0.405362
0.409358
0.401643
0.41341
0.410024
0.408026
0.412578
0.412245
0.409636
0.409747
0.406472
0.410191
0.408193
0.407083
0.408859
0.411634
0.413854
0.412189
0.416075
0.414465
0.413133
0.417962
0.408193
0.410579
0.41119
0.415742
0.412522
0.412633
0.413466
0.412467
0.413521
0.419405
0.414853
0.415797
0.413299
0.415464
0.411468
0.41613
0.417629
0.417407
0.417684
0.42107
0.41391
0.419294
0.411357
0.418517
0.418461
0.421514
0.422014
0.413188
0.412855
0.418794
0.417684
0.421459
0.41885
0.418128
0.416907
0.418683
0.419405
0.4123
0.415964
0.42651
0.418628
0.417185
0.424734
0.420016
0.418961
0.420959
0.418128
0.420238
0.417407
0.42429
0.420016
0.422569
0.4254
0.422957
0.424456
0.425622
0.422846
0.42046
0.422846
0.408248
0.427842
0.419349
0.429008
0.425566
0.421736
0.424401
0.42329
0.427842
0.427398
0.424956
0.425677
0.42651
0.423901
0.406639
0.425899
0.425622
0.425677
0.422014
0.429674
0.425955
0.425622
0.423179
0.426232
0.424179
0.420127
0.421459
0.426343
0.42651
0.425899
0.427065
0.415853
0.425233
0.429896
0.424789
0.425178
0.423845
0.431061
0.428786
0.419738
0.427453
0.411801
0.425233
0.427564
0.424067
0.424123
0.423901
0.427342
0.432948
0.421903
0.429285
0.427564
0.428841
0.42923
0.424789
0.425955
0.425011
0.426843
0.434503
0.421736
0.426676
0.423623
0.426121
0.428952
0.417851
0.425899
0.430562
0.41724
0.426565
0.419849
0.427231
0.425289
0.43367
0.427786
0.426343
0.426565
0.425344
0.424567
0.429452
0.43034
0.433115
0.421126
0.434725
0.43145
0.432837
0.430895
0.422569
0.433948
0.422291
0.438888
0.435113
0.432726
0.432282
0.42873
0.431228
0.428564
0.431505
0.432893
0.427786
0.428564
0.435724
0.430617
0.436168
0.433892
0.428341
0.433171
0.431894
0.434447
0.42601
0.432393
0.431394
0.435724
0.424512
0.43145
0.429951
0.434558
0.436168
0.429507
0.434836
0.428119
0.424123
0.428175
0.427731
0.436501
0.431838
0.434836
0.428175
0.433615
0.433504
0.435724
0.436445
0.439776
0.426787
0.429729
0.436667
0.432504
0.435002
0.427453
0.434503
0.438943
0.424123
0.436501
0.435335
0.435557
0.431616
0.430895
0.432393
0.435724
0.433615
0.435779
0.42601
0.438444
0.437611
0.444438
0.437722
0.429008
0.426343
0.435946
0.430728
0.438943
0.433559
0.426565
0.43034
0.4375
0.437167
0.437667
0.439276
0.437
0.440442
0.436168
0.442995
0.442107
0.437889
0.435391
0.42984
0.439387
0.435502
0.442163
0.434669
0.432615
0.430617
0.429618
0.441663
0.433892
0.438444
0.434669
0.438666
0.440775
0.435668
0.431727
0.436834
